terrain
33 33
0.01 0.50 0.01 0.50 0.01 0.50 0.01 0.50 0.01 0.50 0.01 0.50 0.01 0.50 0.01 0.50 0.01 0.50 0.01 0.50 0.01 0.50 0.01 0.50 0.01 0.50 0.01 0.50 0.01 0.50 0.01 0.50 0.01 
0.01 0.50 0.99 0.50 0.01 0.50 0.99 0.50 0.01 0.50 0.99 0.50 0.01 0.50 0.99 0.50 0.01 0.50 0.99 0.50 0.01 0.50 0.99 0.50 0.01 0.50 0.99 0.50 0.01 0.50 0.99 0.50 0.01 
0.01 0.50 0.99 0.50 0.01 0.50 0.99 0.50 0.01 0.50 0.99 0.50 0.01 0.50 0.99 0.50 0.01 0.50 0.99 0.50 0.01 0.50 0.99 0.50 0.01 0.50 0.99 0.50 0.01 0.50 0.99 0.50 0.01 
0.01 0.50 0.99 0.50 0.01 0.50 0.99 0.50 0.01 0.50 0.99 0.50 0.01 0.50 0.99 0.50 0.01 0.50 0.99 0.50 0.01 0.50 0.99 0.50 0.01 0.50 0.99 0.50 0.01 0.50 0.99 0.50 0.01 
0.01 0.50 0.99 0.50 0.01 0.50 0.99 0.50 0.01 0.50 0.99 0.50 0.01 0.50 0.99 0.50 0.01 0.50 0.99 0.50 0.01 0.50 0.99 0.50 0.01 0.50 0.99 0.50 0.01 0.50 0.99 0.50 0.01 
0.01 0.50 0.99 0.50 0.01 0.50 0.99 0.50 0.01 0.50 0.99 0.50 0.01 0.50 0.99 0.50 0.01 0.50 0.99 0.50 0.01 0.50 0.99 0.50 0.01 0.50 0.99 0.50 0.01 0.50 0.99 0.50 0.01 
0.01 0.50 0.99 0.50 0.01 0.50 0.99 0.50 0.01 0.50 0.99 0.50 0.01 0.50 0.99 0.50 0.01 0.50 0.99 0.50 0.01 0.50 0.99 0.50 0.01 0.50 0.99 0.50 0.01 0.50 0.99 0.50 0.01 
0.01 0.50 0.99 0.50 0.01 0.50 0.99 0.50 0.01 0.50 0.99 0.50 0.01 0.50 0.99 0.50 0.01 0.50 0.99 0.50 0.01 0.50 0.99 0.50 0.01 0.50 0.99 0.50 0.01 0.50 0.99 0.50 0.01 
0.01 0.50 0.99 0.50 0.01 0.50 0.99 0.50 0.01 0.50 0.99 0.50 0.01 0.50 0.99 0.50 0.01 0.50 0.99 0.50 0.01 0.50 0.99 0.50 0.01 0.50 0.99 0.50 0.01 0.50 0.99 0.50 0.01 
0.01 0.50 0.99 0.50 0.01 0.50 0.99 0.50 0.01 0.50 0.99 0.50 0.01 0.50 0.99 0.50 0.01 0.50 0.99 0.50 0.01 0.50 0.99 0.50 0.01 0.50 0.99 0.50 0.01 0.50 0.99 0.50 0.01 
0.01 0.50 0.99 0.50 0.01 0.50 0.99 0.50 0.01 0.50 0.99 0.50 0.01 0.50 0.99 0.50 0.01 0.50 0.99 0.50 0.01 0.50 0.99 0.50 0.01 0.50 0.99 0.50 0.01 0.50 0.99 0.50 0.01 
0.01 0.50 0.99 0.50 0.01 0.50 0.99 0.50 0.01 0.50 0.99 0.50 0.01 0.50 0.99 0.50 0.01 0.50 0.99 0.50 0.01 0.50 0.99 0.50 0.01 0.50 0.99 0.50 0.01 0.50 0.99 0.50 0.01 
0.01 0.99 0.99 0.99 0.01 0.99 0.99 0.99 0.01 0.99 0.99 0.99 0.01 0.99 0.99 0.99 0.01 0.99 0.99 0.99 0.01 0.99 0.99 0.99 0.01 0.99 0.99 0.99 0.01 0.99 0.99 0.99 0.01 
0.01 0.99 0.99 0.99 0.01 0.99 0.99 0.99 0.01 0.99 0.99 0.99 0.01 0.99 0.99 0.99 0.01 0.99 0.99 0.99 0.01 0.99 0.99 0.99 0.01 0.99 0.99 0.99 0.01 0.99 0.99 0.99 0.01 
0.01 0.99 0.99 0.99 0.01 0.99 0.99 0.99 0.01 0.99 0.99 0.99 0.01 0.99 0.99 0.99 0.01 0.99 0.99 0.99 0.01 0.99 0.99 0.99 0.01 0.99 0.99 0.99 0.01 0.99 0.99 0.99 0.01 
0.01 0.99 0.99 0.99 0.01 0.99 0.99 0.99 0.01 0.99 0.99 0.99 0.01 0.99 0.99 0.99 0.01 0.99 0.99 0.99 0.01 0.99 0.99 0.99 0.01 0.99 0.99 0.99 0.01 0.99 0.99 0.99 0.01 
0.01 0.99 0.99 0.99 0.01 0.99 0.99 0.99 0.01 0.99 0.99 0.99 0.01 0.99 0.99 0.99 0.01 0.99 0.99 0.99 0.01 0.99 0.99 0.99 0.01 0.99 0.99 0.99 0.01 0.99 0.99 0.99 0.01 
0.01 0.50 0.99 0.50 0.01 0.50 0.99 0.50 0.01 0.50 0.99 0.50 0.01 0.50 0.99 0.50 0.01 0.50 0.99 0.50 0.01 0.50 0.99 0.50 0.01 0.50 0.99 0.50 0.01 0.50 0.99 0.50 0.01 
0.01 0.50 0.99 0.50 0.01 0.50 0.99 0.50 0.01 0.50 0.99 0.50 0.01 0.50 0.99 0.50 0.01 0.50 0.99 0.50 0.01 0.50 0.99 0.50 0.01 0.50 0.99 0.50 0.01 0.50 0.99 0.50 0.01 
0.01 0.50 0.99 0.50 0.01 0.50 0.99 0.50 0.01 0.50 0.99 0.50 0.01 0.50 0.99 0.50 0.01 0.50 0.99 0.50 0.01 0.50 0.99 0.50 0.01 0.50 0.99 0.50 0.01 0.50 0.99 0.50 0.01 
0.01 0.50 0.99 0.50 0.01 0.50 0.99 0.50 0.01 0.50 0.99 0.50 0.01 0.50 0.99 0.50 0.01 0.50 0.99 0.50 0.01 0.50 0.99 0.50 0.01 0.50 0.99 0.50 0.01 0.50 0.99 0.50 0.01 
0.01 0.50 0.99 0.50 0.01 0.50 0.99 0.50 0.01 0.50 0.99 0.50 0.01 0.50 0.99 0.50 0.01 0.50 0.99 0.50 0.01 0.50 0.99 0.50 0.01 0.50 0.99 0.50 0.01 0.50 0.99 0.50 0.01 
0.01 0.50 0.99 0.50 0.01 0.50 0.99 0.50 0.01 0.50 0.99 0.50 0.01 0.50 0.99 0.50 0.01 0.50 0.99 0.50 0.01 0.50 0.99 0.50 0.01 0.50 0.99 0.50 0.01 0.50 0.99 0.50 0.01 
0.01 0.50 0.99 0.50 0.01 0.50 0.99 0.50 0.01 0.50 0.99 0.50 0.01 0.50 0.99 0.50 0.01 0.50 0.99 0.50 0.01 0.50 0.99 0.50 0.01 0.50 0.99 0.50 0.01 0.50 0.99 0.50 0.01 
0.01 0.50 0.99 0.50 0.01 0.50 0.99 0.50 0.01 0.50 0.99 0.50 0.01 0.50 0.99 0.50 0.01 0.50 0.99 0.50 0.01 0.50 0.99 0.50 0.01 0.50 0.99 0.50 0.01 0.50 0.99 0.50 0.01 
0.01 0.50 0.99 0.50 0.01 0.50 0.99 0.50 0.01 0.50 0.99 0.50 0.01 0.50 0.99 0.50 0.01 0.50 0.99 0.50 0.01 0.50 0.99 0.50 0.01 0.50 0.99 0.50 0.01 0.50 0.99 0.50 0.01 
0.01 0.50 0.99 0.50 0.01 0.50 0.99 0.50 0.01 0.50 0.99 0.50 0.01 0.50 0.99 0.50 0.01 0.50 0.99 0.50 0.01 0.50 0.99 0.50 0.01 0.50 0.99 0.50 0.01 0.50 0.99 0.50 0.01 
0.01 0.50 0.99 0.50 0.01 0.50 0.99 0.50 0.01 0.50 0.99 0.50 0.01 0.50 0.99 0.50 0.01 0.50 0.99 0.50 0.01 0.50 0.99 0.50 0.01 0.50 0.99 0.50 0.01 0.50 0.99 0.50 0.01 
0.01 0.50 0.99 0.50 0.01 0.50 0.99 0.50 0.01 0.50 0.99 0.50 0.01 0.50 0.99 0.50 0.01 0.50 0.99 0.50 0.01 0.50 0.99 0.50 0.01 0.50 0.99 0.50 0.01 0.50 0.99 0.50 0.01 
0.01 0.50 0.99 0.50 0.01 0.50 0.99 0.50 0.01 0.50 0.99 0.50 0.01 0.50 0.99 0.50 0.01 0.50 0.99 0.50 0.01 0.50 0.99 0.50 0.01 0.50 0.99 0.50 0.01 0.50 0.99 0.50 0.01 
0.01 0.50 0.99 0.50 0.01 0.50 0.99 0.50 0.01 0.50 0.99 0.50 0.01 0.50 0.99 0.50 0.01 0.50 0.99 0.50 0.01 0.50 0.99 0.50 0.01 0.50 0.99 0.50 0.01 0.50 0.99 0.50 0.01 
0.01 0.50 0.99 0.50 0.01 0.50 0.99 0.50 0.01 0.50 0.99 0.50 0.01 0.50 0.99 0.50 0.01 0.50 0.99 0.50 0.01 0.50 0.99 0.50 0.01 0.50 0.99 0.50 0.01 0.50 0.99 0.50 0.01 
0.01 0.01 0.01 0.01 0.01 0.01 0.01 0.01 0.01 0.01 0.01 0.01 0.01 0.01 0.01 0.01 0.01 0.01 0.01 0.01 0.01 0.01 0.01 0.01 0.01 0.01 0.01 0.01 0.01 0.01 0.01 0.01 0.01 
